56.7423
54.6519
50.4184
48.6349
47.9747
46.6803
45.9915
44.7768
44.156
43.5557
45.9091
47.6873
47.5535
46.5894
46.3573
46.2358
45.0299
45.3747
46.5876
46.1571
46.7474
47.8536
46.9066
47.4898
46.8221
48.6325
48.5226
49.0018
50.6598
50.1283
50.6012
51.0709
53.7973
49.3254
48.8833
54.2388
53.4571
55.7293
56.043
52.5138
52.6446
54.8348
57.2619
56.872
56.7818
57.505
58.4868
56.6835
56.341
56.8562
52.4985
51.1283
52.559
49.51
53.0177
51.4508
52.1962
50.3575
49.3338
50.6219
47.6427
47.2419
47.3597
48.996
52.2018
49.8918
49.8672
50.4981
48.9043
49.3104
49.9455
47.7365
51.3348
49.4656
51.4845
52.2325
50.1014
50.3259
51.3311
53.0143
53.0463
49.959
55.8303
55.3049
58.2166
54.7181
53.587
54.4077
56.4105
57.0728
58.6786
