-4.0000000e-001
-3.7000000e-001
-4.3000000e-001
-4.7000000e-001
-7.2000000e-001
-5.4000000e-001
-4.7000000e-001
-5.4000000e-001
-3.9000000e-001
-1.9000000e-001
-4.0000000e-001
-4.4000000e-001
-4.4000000e-001
-4.9000000e-001
-3.8000000e-001
-4.1000000e-001
-2.7000000e-001
-1.8000000e-001
-3.8000000e-001
-2.2000000e-001
-3.0000000e-002
-9.0000000e-002
-2.8000000e-001
-3.6000000e-001
-4.9000000e-001
-2.5000000e-001
-1.7000000e-001
-4.5000000e-001
-3.2000000e-001
-3.3000000e-001
-3.2000000e-001
-2.9000000e-001
-3.2000000e-001
-2.5000000e-001
-5.0000000e-002
-1.0000000e-002
-2.6000000e-001
-4.8000000e-001
-3.7000000e-001
-2.0000000e-001
-1.5000000e-001
-8.0000000e-002
-1.4000000e-001
-1.3000000e-001
-1.2000000e-001
-1.0000000e-001
1.3000000e-001
-1.0000000e-002
6.0000000e-002
-1.7000000e-001
-1.0000000e-002
9.0000000e-002
5.0000000e-002
-1.6000000e-001
5.0000000e-002
-2.0000000e-002
4.0000000e-002
1.7000000e-001
1.9000000e-001
5.0000000e-002
1.5000000e-001
1.3000000e-001
9.0000000e-002
4.0000000e-002
1.1000000e-001
-3.0000000e-002
3.0000000e-002
1.5000000e-001
4.0000000e-002
-2.0000000e-002
-1.3000000e-001
2.0000000e-002
7.0000000e-002
2.0000000e-001
-3.0000000e-002
-7.0000000e-002
-1.9000000e-001
9.0000000e-002
1.1000000e-001
6.0000000e-002
1.0000000e-002
8.0000000e-002
2.0000000e-002
2.0000000e-002
-2.7000000e-001
-1.8000000e-001
-9.0000000e-002
-2.0000000e-002
-1.3000000e-001
2.0000000e-002
3.0000000e-002
-1.2000000e-001
-8.0000000e-002
1.7000000e-001
-9.0000000e-002
-4.0000000e-002
-2.4000000e-001
-1.6000000e-001
-9.0000000e-002
1.2000000e-001
2.7000000e-001
4.2000000e-001
2.0000000e-002
3.0000000e-001
9.0000000e-002
5.0000000e-002
