" HOLT" "ARIMA" "ESTRUTURAL" "MEDIA SIMPLES" "MEDIANA" "MEDIA_DOS_EXTREMOS" "REGRESSAO" "REGRESSAO_res" "OPTIMAL" "OPTIMAL_res" "OPTIMAL I" "OPTIMAL I_res"
"Cow" 23.7376949139047 40.9169050771234 29.5240742142508 28.2476325297824 28.4139677076851 28.3663688468867 35.5778940930356 30.4144075771656 71.7146796546267 58.0018794440911 28.6646150252876 28.6038078682824
"Buffsnow" 697.315252839462 346.171826860157 709.764877725008 528.480293496974 664.104646591058 476.006643337606 341.658951788955 318.869682312867 335.239718963756 330.653855024354 498.263308177454 490.141358436164
"CalFem" 59.1821278174065 56.6971571180556 59.3446527146039 57.8054438076698 58.0476733640752 57.7238683635729 68.6291954997665 70.9356059449838 56.8209304451312 56.5832875663587 57.6943322887084 57.6799903814335
"DowJones" 0.117353352997141 0.128277767351497 0.174511694870223 0.11623643082986 0.114102728676623 0.119901354473911 0.114799945992208 0.0870868625465468 0.127125394546803 0.120699985678107 0.115794344927688 0.115448949079014
"Globtp" 0.0257840517879767 0.0218271921495422 0.0274039102974509 0.0238013151980027 0.0258065272042833 0.0229674652392409 0.0217863903597092 0.0204297272007107 0.0218566805488512 0.0213042525646438 0.0234999457822819 0.0234640883853623
"HURON" 0.728687408504436 0.592613229844386 1.41397029525211 0.744535924225409 0.651990607566209 0.810642820683177 0.589996561105627 0.550201990131605 0.593996331325802 0.57566694264798 0.674132514205611 0.669845327601635
"SHEEP" 10751.2393878015 6701.1629150689 11082.5 8350.24239320059 9883.21349276399 7866.43864193717 5798.82615578577 5029.86445156364 6423.2365797967 6269.66289873585 7574.10306806844 7597.87386364449
"Summer" 0.460169330034665 0.59367079527832 0.49506258988397 0.498164790847683 0.510343363804534 0.493323730213572 0.67319516778802 0.62311187686154 0.740524805988836 0.691797750409606 0.504260540055335 0.503303835149161
"Ausgundeaths" 0.916410838178897 0.774056750754644 1.2271375623586 0.900049364523345 0.951907058585725 0.661386395086896 0.869060800334669 0.771012671973497 0.782522938484483 0.756723097958597 0.875368580903028 0.874099215800323
"Carga" 4.20253024918595 4.69435836495882 4.10044804285243 4.17013159156201 4.24899179566192 4.14444916128982 4.4707469644349 4.13522560168247 4.59559506450163 4.47740797059119 4.1885652547031 4.17939005988208
